1535787190344908800
1535787143909412864
1535787107800649728
1535787092738834433
1535787046131728384
1535787012082397184
1535786671987253248
1535786578047811584
1535786570392825856
1535786547429412865
1535786538847850496
1535786530287288320
1535786527816818688
1535786518752919552
1535786517247164417
1535786515787223040
1535786513606352896
1535786512335671296
1535786509046980609
1535786507381792768
1535786504039321600
1535786488155152384
1535786484783259649
1535786483940225025
1535786479951425536
1535786477329985536
1535786474850750466
1535786463819812864
1535786453145227264
1535786338766966785
1535786238611161088
1535786209112227840
1535785998164307968
1535785979511906304
1535785971161018368
1535785907529609216
1535785731494268928
1535785674263371777
1535785650833588224
1535785589882032129
1535785575768150016
1535785549956456449
1535785468364992513
1535785354602729473
1535785305454039040
1535785183424946177
1535784731043737600
1535784468656451584
1535784378810236928
1535784292109979653
1535784290251722752
1535784242160238593
1535784236879605760
1535784083946496000
1535784054275989504
1535784050706685954
1535784047146057728
1535784042599452672
1535784027403485184
1535784021031956480
1535784019865964544
1535784016104034315
1535783992133562368
1535783990371971075
1535783986978762752
1535783980737646592
1535783975771582464
1535783969223913473
1535783967794020352
1535783962311729152
1535783958520426496
1535783885971529728
1535783789330194432
1535783757982347264
1535783688771842048
1535783645184598021
1535783510023077888
1535783503069122560
1535783447632879617
1535783437361381377
1535783366267502592
1535783282394431488
1535782961622028289
1535782946128310272
1535782666402144256
1535782616267227137
1535782565054803968
1535782561896509441
1535782460352389120
1535782304404369410
1535782271126732801
1535782198917603328
1535782052955492355
1535782014497869824
1535782010899566592
1535781989684752384
1535781858755026944
1535781781420781570
1535781707961405441
1535781652466610176
1535781541464272896
1535781537610088448
1535781534979850240
1535781532648230912
1535781528026107904
1535781504491876352
1535781491623354368
1535781490000556032
1535781477329563648
1535781475727347712
1535781463203155968
1535781461810626568
1535781458312577026
1535781454021398529
1535781449739010048
1535781447168294913
1535781439748222976
1535781436904861697
1535781398564708352
1535781202988498944
1535781079654666240
1535781068774658048
1535780765556162561
1535780738330599424
1535780701437833217
1535780632311496704
1535780559053410305
1535780507140562944
1535780446214033408
1535780331990798340
1535780280354713601
1535780081737539584
1535779996769210368
1535779925994508288
1535779898249334784
1535779747011014657
1535779645672419328
1535779544895959040
1535779544296087552
1535779443867676673
1535779384002367488
1535779344295284738
1535779255376048129
1535779024240201728
1535779022990639104
1535779021732335616
1535779018137432066
1535778986990526464
1535778983509622784
1535778980069924865
1535778973451374592
1535778970452762625
1535778961103368192
1535778949628071936
1535778948218765312
1535778945647656961
1535778942090887168
1535778932402028545
1535778929734086657
1535778923350728705
1535778596354404353
1535778492951826432
1535778416871415808
1535778416393261056
1535777999584636930
1535777907419000832
1535777682599727104
1535777664249630720
1535777483689447424
1535777391129202691
1535777334728413185
1535777327644385280
1535777240394473473
1535777225798062080
1535776939348140032
1535776922528931841
1535776834989588480
1535776810008735744
1535776794334593024
1535776628294434818
1535776583268683778
1535776507355754496
1535776483872239616
1535776470328815617
1535776469154004992
1535776465425289217
1535776456986750976
1535776452657811457
1535776442008543232
1535776429354405888
1535776428704157696
1535776425008959488
1535776418453331970
1535776417191194624
1535776308520620032
1535776266564927488
1535776132217577473
1535776121588854785
1535775995537412096
1535775907842908160
1535775868655747073
1535775772387860482
1535775744777134080
1535775669258358784
1535775539461603328
1535775518108184576
1535775516602646528
1535775439158882304
1535775397899476992
1535775397450612737
1535775396951519232
1535775396104245248
1535775187257413632
1535775173923807232
1535775152696266752
1535775079661191168
1535775024816087041
1535774759547453441
1535774725833637890
1535774578546315264
1535774555842654208
1535774555033464832
1535774137037516802
1535774089830313984
1535774067965427712
1535774026236579840
1535773996800692224
1535773988122935296
1535773986944331777
1535773981915041792
1535773979579121665
1535773978484420613
1535773951887978496
1535773949308846080
1535773944275423232
1535773941008314368
1535773939506778112
1535773931914678272
1535773927217430530
1535773920611434496
1535773913023918080
1535773909194186752
1535773901598253056
1535773900319391745
1535773899899559937
1535773897664376832
1535773891528110082
1535773755317837824
1535773656449687553
1535773571875840007
1535773382825811968
1535773382293135360
1535773381508800512
1535773340773777408
1535772587036495872
1535772548126089217
1535772385319833600
1535772314071183362
1535772291115757568
1535771984520429568
1535771740072288257
1535771718240899072
1535771703304855552
1535771667250569216
1535771510731902977
1535771495560949760
1535771474250059778
1535771473004331008
1535771470609395712
1535771467090374657
1535771467040067584
1535771464770920448
1535771458927923200
1535771445325836288
1535771439554756608
1535771432357363712
1535771426250182656
1535771408407855104
1535771405089771520
1535771397519159296
1535771396269215744
1535771393727508480
1535771391563563009
1535771383716016128
1535771381224587264
1535771380389933057
1535771371304652800
1535771131487174659
1535771073022672897
1535771055197134848
1535770862275948544
1535770730188591104
1535770648550641664
1535770551666581509
1535770547535355904
1535770455415656448
1535770361463070720
1535770360922091520
1535770360372551680
1535770275270127616
1535770174279647233
1535770148463861762
1535769905336811521
1535769889855651844
1535769863813480448
1535769669621018625
1535769354867834880
1535769329051963392
1535769275125968898
1535769232494977027
1535769204586164224
1535769197745152000
1535769172524818432
1535768953360109568
1535768921160445952
1535768918635466753
1535768913631662080
1535768905272020992
1535768892035203073
1535768888553934849
1535768886921965570
1535768880253403136
1535768877988483073
1535768863392120840
1535768861722963968
1535768744336801792
1535768648568422401
1535768531551363074
1535768350940311552
1535768350483042304
1535768350017454084
1535768349543542784
1535767961926938624
1535767923318472710
1535767623899693057
1535767595323756544
1535767554601365506
1535767401895190533
1535767378272718853
1535767246202875904
1535767217157165058
1535767154964189184
1535767150039818245
1535767098043117568
1535766879477825537
1535766838096760833
1535766645171527683
1535766446864842759
1535766444335669248
1535766438102769664
1535766431026974720
1535766429777424384
1535766428686876672
1535766423037161473
1535766415419973632
1535766402061115392
1535766397166682112
1535766391512412160
1535766387322257408
1535766381500964864
1535766375171403776
1535766364543229954
1535766364421558273
1535766364312461315
1535766364069449728
1535766358105157632
1535766351356338177
1535766347853942784
1535766342028214273
1535766334725935105
1535766328392531969
1535766306925858816
1535766265129644032
1535766212764106752
1535765848631091200
1535765831501479936
1535765740338675717
1535765718846906368
1535765617017360384
1535765616606425088
1535765519873236992
1535765496867749888
1535765484184141824
1535765462444740608
1535765449283182597
1535765401585344512
1535765107745165313
1535765049557430272
1535765038400737282
1535765038392299524
1535765038388191236
1535765037981261825
1535764838051348482
1535764827670384640
1535764725665255424
1535764673416790016
1535764582760955905
1535764559297884160
1535764249871626240
1535764230674194432
1535764133521522688
1535764067163545601
1535763957528465409
1535763956916051968
1535763942781472771
1535763921625178114
1535763920459247616
1535763919247007744
1535763915438600192
1535763907494969344
1535763903682052098
1535763903665385473
1535763903258542082
1535763885294120960
1535763882949898241
1535763877014962177
1535763873352978433
1535763865941983232
1535763856416378881
1535763844198731776
1535763842961412096
1535763839312347136
1535763825064296448
1535763823960895489
1535763821524303873
1535763794785406978
1535763744076308480
1535763675608363008
1535763501247086592
1535763424575115267
1535763409500766211
1535763409370849283
1535763409295351815
1535763409286971394
1535763408947138560
1535763408922021889
1535763408913674240
1535763351434801152
1535763312780136449
1535763290537676800
1535763177459310593
1535763146966958080
1535763075327991821
1535763042121568256
1535762734830198787
1535762518995525632
1535762143533928449
1535762117692907521
1535761830995443712
1535761805540151297
1535761574517846016
1535761431202877443
1535761403696451585
1535761396398366720
1535761375733350400
1535761368443326464
1535761356359495681
1535761352090087424
1535761349225041920
1535761330116120576
1535761328782323713
1535761328152903685
1535761328060698627
1535761323593715713
1535761321635233792
1535761318984454144
1535761305885257728
1535761303456821248
1535761207004733440
1535761121751310339
1535761073785438208
1535761024154050561
1535760988875669505
1535760797187465216
1535760786609553410
1535760777310707712
1535760699162513409
1535760644946919426
1535760541368700930
1535760388419112962
1535760203592998912
1535760084449492992
1535760069777887232
1535759986491465730
1535759966023340033
1535759814433058816
1535759790894329856
1535759771479031809
1535759533846323200
1535759445669691393
1535759252295254016
1535759210805354497
1535758882164727810
1535758881112354817
1535758867199840256
1535758860170182656
1535758853026873345
1535758833460850688
1535758832000901121
1535758828699983872
1535758823708708864
1535758818038411264
1535758814297071616
1535758813063573504
1535758806981890048
1535758799222497281
1535758797863456768
1535758795200024576
1535758791395799040
1535758790754193409
1535758789445820416
1535758785578356736
1535758781585530880
1535758680800612353
1535758676987895810
1535758315820662784
1535758302554234880
1535758296354656256
1535758232781733889
1535758043064979457
1535757898353381376
1535757864421281793
1535757776424603649
1535757732497592320
1535757689178972163
1535757516323246080
1535757404897427456
1535757394944241664
1535757275951865856
1535757267047534593
1535757217135460352
1535757216942129152
1535757190178430978
1535757174168616960
1535756983625732097
1535756579974389760
1535756419684782080
1535756407542251524
1535756370309705728
1535756366509395970
1535756361673232384
1535756355050811393
1535756351091232769
1535756341188231169
1535756328840613888
1535756321592836096
1535756318736535552
1535756310138204161
1535756302089330688
1535756277397135360
1535756273961947137
1535756270363353088
1535756083456708608
1535756037168345088
1535755996034781184
1535755945392979969
1535755767726321664
1535755686570774536
1535755505271963649
1535755406118531072
1535755263885574144
1535755262329425920
1535755180708356099
1535755155349848064
1535755013708218369
1535754973841362944
1535754967272652800
1535754857310740481
1535754791883776004
1535754437972701187
1535754264664240128
1535754245852450817
1535753896668569600
1535753855287275520
1535753829807181824
1535753827609038848
1535753824002265088
1535753821376417794
1535753816473485312
1535753813201543168
1535753807946297345
1535753803164553216
1535753802019913728
1535753800555696128
1535753799134224384
1535753780456992768
1535753777919455232
1535753775637352448
1535753771971932160
1535753767995731968
1535753765575598081
1535753763004162048
1535753756914003970
1535753616136478720
1535753485236506625
1535753361454157826
1535753316826697728
1535753289773506561
1535753174958718978
1535753122378878977
1535753028678348800
1535753015004606464
1535752996432265216
1535752843407286275
1535752786977103873
1535752729737367552
1535752524053073921
1535752450887532544
1535752367957852161
1535752213313703936
1535752205571080192
1535752191742562305
1535752070439047169
1535752003758002177
1535751876636991488
1535751818676150272
1535751811117760512
1535751787751301123
1535751702300835841
1535751695787073536
1535751293025013760
1535751285018066944
1535751283524546560
1535751281918492672
1535751273856770049
1535751267683037185
1535751255678586880
1535751254906896384
1535751243255140360
1535751236737060864
1535751076372172806
1535750966477209601
1535750939730059264
1535750915466092544
1535750865260367873
1535750863742029825
1535750778698219520
1535750698918285312
1535750584434708480
1535750487206764544
1535750445221613570
1535750344805859334
1535750266737205248
1535750189192994818
1535749997806903296
1535749973794594821
1535749943335751680
1535749871516340224
1535749782701887488
1535749728456962048
1535749387338788864
1535749324126265346
1535749222795907072
1535749115581194240
1535748824915816448
1535748821208399872
1535748817676816384
1535748793773064192
1535748787670745088
1535748785280008192
1535748775888793601
1535748763813556225
1535748746604314625
1535748741814427649
1535748738752421889
1535748734113288192
1535748731613880320
1535748729122062336
1535748726769487878
1535748710201704449
1535748704661127169
1535748688202518528
1535748455833882624
1535748289794129923
1535748286522458112
1535748284890988546
1535748259813199873
1535748246215311361
1535748182860353536
1535747962831257607
1535747953050124288
1535747881298235393
1535747861689802752
1535747816085143553
1535747762557444098
1535747756756766725
1535747742626201600
1535747741804113921
1535747733637763072
1535747591090192392
1535747565345550336
1535747504523730945
1535747502116286464
1535747462245523456
1535747426132590592
1535747395669135360
1535747357870260224
1535747319194337280
1535747314916139008
1535747168136355840
1535746969179590656
1535746845766430721
1535746782977789953
1535746734739140608
1535746730217578498
1535746728200126465
1535746557164802049
1535746517490929669
1535746486486671362
1535746480329195520
1535746475245940742
1535746361496584194
1535746305859162112
1535746292949078016
1535746279036178432
1535746277824024576
1535746274112118785
1535746271599702016
1535746263408291841
1535746259705040896
1535746258261880832
1535746250896986112
1535746241359151105
1535746236489568256
1535746234748911616
1535746233331249152
1535746229547986945
1535746219963781121
1535746219565191168
1535746216788905984
1535746214314254337
1535746100837105669
1535745962714533890
1535745843193696256
1535745635869237248
1535745534333718528
1535745461956616200
1535745252136460295
1535745212995207169
1535745127486050307
1535745077053644801
1535744976046407680
1535744908287410176
1535744903619047424
1535744880387006465
1535744854164381696
1535744852704391168
1535744841124044800
1535744818487275521
1535744816067264512
1535744694910537729
1535744572336222208
1535744478891458561
1535744404241100800
1535744322108280834
1535744214440583168
1535744163802755072
1535744021364088838
1535743990628241415
1535743852748873729
1535743837871624192
1535743810801639424
1535743790388236288
1535743779906650112
1535743762030542848
1535743756346961922
1535743751704186880
1535743742086463491
1535743737842003968
1535743732985004033
1535743731546353664
1535743726798385152
1535743711627575296
1535743706644504577
1535743697736040448
1535743695169155072
1535743691704651777
1535743690643165184
1535743567804608512
1535743234399404033
1535743198382931971
1535743139415310336
1535743118871601152
1535742697805324289
1535742672954064896
1535742658143932416
1535742546093166593
1535742373870899202
1535742279436189696
1535742001546547200
1535741938007261186
1535741597337501697
1535741517251371010
1535741421843529729
1535741417758240768
1535741354830991360
1535741270542675968
1535741265437806592
1535741264360263681
1535741226246320128
1535741217396658176
1535741212401242114
1535741209108692992
1535741198501310464
1535741195975942146
1535741193740783616
1535741186136510464
1535741183443337216
1535741182847983617
1535741180767399936
1535741172609449984
1535741113662853120
1535740988802711555
1535740958784081922
1535740665983737856
1535740626402156545
1535740370339913730
1535740277646049280
1535740214542364672
1535740080383459328
1535740041779204096
1535739950955732993
1535739710080942083
1535739196014567426
1535739160312483840
1535739148715208704
1535738756304601088
1535738755742863361
1535738754568138752
1535738752248979456
1535738750029991936
1535738747421343744
1535738745194180608
1535738727481622529
1535738719449149440
1535738714592141312
1535738711438426112
1535738699786469376
1535738687669284864
1535738685949640704
1535738683822841857
1535738679943376896
1535738663526858752
1535738657331548160
1535738582928830464
1535738464582389766
1535738464100040704
1535738423214239744
1535738257304080384
1535738245186723840
1535738173510254594
1535738166325420034
1535738142954766337
1535737961685618688
1535737949815701504
1535737872468541440
1535737730138877952
1535737676380487685
1535737673326813184
1535737649448636416
1535737648941129733
1535737628217290753
1535737622613860352
1535737463578185728
1535737435073695745
1535737422792777730
1535737421907861506
1535737403565932544
1535737369252741120
1535737357588365312
1535737317633269762
1535737300885417984
1535737187429339136
1535737093556957184
1535737082056175617
1535737037919178752
1535736961813868545
1535736904859238400
1535736903202398208
1535736278951534594
1535736262329516033
1535736232793104390
1535736231551959040
1535736230469505024
1535736225004679168
1535736203017801729
1535736201847926784
1535736200459337739
1535736190967480323
1535736182457266176
1535736164853817344
1535736161108316160
1535736154259083265
1535736152275431424
1535736147552309248
1535736145102770177
1535736140472274944
1535736138152935425
1535736137917927424
1535735961241501704
1535735827153788928
1535735672975286273
1535735633842348032
1535735560848912384
1535735434784940033
1535735385237643265
1535735326047494145
1535735274390552583
1535735243734392833
1535735183218974723
1535735129368166400
1535734966952280070
1535734888082595846
1535734884496465930
1535734720121667591
1535734690841247744
1535734659216285698
1535734634285105152
1535734398129152000
1535734364994211841
1535734303887220736
1535734236652740608
1535734135909761024
1535733952387772416
1535733931139530752
1535733883043315712
1535733850189352961
1535733771114266627
1535733770891972611
1535733721453969408
1535733720254033920
1535733719088398336
1535733717867454466
1535733711001399296
1535733686640992256
1535733685919825920
1535733684770578432
1535733681003802624
1535733677795450880
1535733669998231553
1535733662633041920
1535733654479323136
1535733646812139520
1535733644211671041
1535733642957570048
1535733632903483393
1535733627925196800
1535733625567649792
1535733624405774336
1535733623621558272
1535733621901754368
1535733557452500992
1535733347837792257
1535733335187771392
1535733291164254209
1535733286378536960
1535733274634600460
1535733115187908608
1535733083076497411
1535732985248595972
1535732904373927941
1535732867724353536
1535732537909288960
1535732369122119681
1535732141430292480
1535732119565131776
1535732117342240770
1535732109037318145
1535731997280280577
1535731961813139456
1535731899213160449
1535731867021877248
1535731844951449603
1535731669168271361
1535731649987629057
1535731609399308288
1535731566021943297
1535731544400220163
1535731512338960384
1535731500968292358
1535731497876987904
1535731311587086336
1535731275524210688
1535731259569324035
1535731206259896320
1535731204887957504
1535731202522353665
1535731200203149319
1535731196667502592
1535731177302425600
1535731167856852992
1535731167135248386
1535731160784834561
1535731145760919553
1535731143999655936
1535731137557200896
1535731128849510400
1535731127641833472
1535731124135395328
1535731112227778561
1536322707369132032
1536322689949962241
1536322626372648961
1536322617908543489
1536322600753737738
1536322599709716480
1536322570231828480
1536322569430675456
1536322568214712320
1536322560765591552
1536322555354955778
1536322549402939392
1536322547691626497
1536322544789123072
1536322536191180800
1536322532496015360
1536322526837501953
1536322522178031623
1536322518465884161
1536322514376282112
1536322512589561857
1536322511843250177
1536322506809921536
1536322469870850048
1536322384516587520
1536322336823349249
1536322115372085248
1536322037647429632
1536322031205113859
1536322015585370113
1536322010304815104
1536321982588936192
1536321936313450496
1536321912980361219
1536321866113208321
1536321856206434304
1536321820021882888
1536321668318380033
1536321627775873024
1536321581575815169
1536321433441292291
1536321410905391107
1536321373072769024
1536321372951019521
1536321334279536643
1536321324544667650
1536321285793492993
1536321207368265728
1536321175239925762
1536321130188898304
1536321120613412864
1536321119619534848
1536321082109710336
1536321075717480451
1536321071640629249
1536321043681497089
1536321030293184512
1536321006461132803
1536320988157136896
1536320919756365826
1536320896264118272
1536320895039545345
1536320876878110722
1536320869588471808
1536320854375534592
1536320809966477312
1536320776994955265
1536320741267890176
1536320739082633216
1536320700415213568
1536320690676449280
1536320685488111617
1536320668697890816
1536320654534131713
1536320642156576770
1536320634292097024
1536320606437777410
1536320585667444736
1536320568110239744
1536320553925038080
1536320547273031682
1536320533738016769
1536320484282966016
1536320467044564992
1536320402301100033
1536320400182743040
1536320386794565632
1536320385964294145
1536320375763546112
1536320351202078720
1536320326082015232
1536320305597034496
1536320296352985094
1536320271443017728
1536320212819386368
1536320128492658691
1536320106321563648
1536320106179227648
1536320091704655874
1536320079436316672
1536320057126551553
1536320057097146368
1536320054585094144
1536320053347745792
1536320047441903616
1536320024566460416
1536320014625964032
1536320008418377730
1536320001455849472
1536320000327405572
1536319997429293056
1536319994786902016
1536319991049760768
1536319986679140352
1536319986096128001
1536319938155188224
1536319905276243968
1536319861642887168
1536319814582542336
1536319802763001857
1536319792247803904
1536319786153414659
1536319753450835968
1536319751852531713
1536319732202328064
1536319720231960576
1536319696361820160
1536319657761771521
1536319632088473600
1536319603835551744
1536319596650692608
1536319571153780736
1536319544591007745
1536319539763302400
1536319538438242304
1536319529479032832
1536319504195768322
1536319488769277952
1536319422465732613
1536319359198838789
1536319334326353922
1536319331126108161
1536319279569813504
1536319242143944704
1536319240214482944
1536319129300660224
1536318916670083072
1536318899435847680
1536318774625898497
1536318754237427712
1536318721396199425
1536318632673812480
1536318507759312896
1536318457993904128
1536318428440428544
1536318358420963328
1536318356512354304
1536318339987165185
1536318331543638016
1536318285733842946
1536318268549771264
1536318228397424641
1536318204913524738
1536318181383577600
1536318143844429824
1536318111581933568
1536318102819876864
1536317979843084290
1536317973698338818
1536317927862833152
1536317884204519426
1536317883936133121
1536317881478422528
1536317842408230913
1536317832304414720
1536317743099682816
1536317725462740994
1536317645515272194
1536317644290285568
1536317631648735233
1536317626909089792
1536317616863707137
1536317604356411393
1536317566351618048
1536317563902300160
1536317559728836608
1536317553987014656
1536317545317568516
1536317544151150592
1536317543056478213
1536317536404668416
1536317535154741249
1536317527730843653
1536317521137045504
1536317515265376259
1536317509703413761
1536317503634386945
1536317494637756418
1536317493400113153
1536317492074754048
1536317488044064768
1536317485557088256
1536317482717282307
1536317482684026881
1536317478476779520
1536317469601648640
1536317452308602881
1536317421669208066
1536317368695422976
1536317304027627520
1536317302714556417
1536317294196191234
1536317281059254273
1536317265376731136
1536317253586948096
1536317246104293376
1536317243218354176
1536317199358771200
1536317133491261441
1536317128152055808
1536317021218033664
1536316922387636224
1536316913781030913
1536316910505426944
1536316876879446016
1536316773984788480
1536316765680066561
1536316699938529288
1536316590362435586
1536316570850406401
1536316533193973762
1536316453669978112
1536316347386318848
1536316307859185664
1536316287047155712
1536316277320470528
1536316263944884227
1536316151436812288
1536316141882298369
1536316130666717185
1536316128007536640
1536316117592903687
1536316050861850624
1536316033329508352
1536316028875161600
1536316003700850688
1536315976551059456
1536315955218894850
1536315936264835076
1536315931177123847
1536315894732795904
1536315890672799750
1536315874990333952
1536315785500573699
1536315681012056066
1536315679049146368
1536315670987784192
1536315631091519489
1536315622786621440
1536315596236894210
1536315580092887041
1536315569401745408
1536315541442465793
1536315509578383360
1536315490389241859
1536315441664122880
1536315404464685058
1536315392448151555
1536315368913915905
1536315355425120256
1536315333853728768
1536315326538715136
1536315294293327873
1536315271069065216
1536315235799293953
1536315212139315201
1536315201796161536
1536315199577522176
1536315199283666944
1536315169252311040
1536315149392306176
1536315118522597376
1536315107528978432
1536315100533075968
1536315058833494016
1536315054974717954
1536315047688826880
1536315029309767680
1536315028650983424
1536315028214665216
1536315020736606209
1536315011236171776
1536315007045992449
1536315002696527873
1536314996375920642
1536314994660282375
1536314983126302720
1536314981771530240
1536314977501556736
1536314974162788352
1536314969788391424
1536314968483991552
1536314963014275074
1536314959251984384
1536314957977239552
1536314881473126400
1536314839005528066
1536314834245001217
1536314814951493633
1536314779157266432
1536314703227801600
1536314666015670273
1536314626517962752
1536314621899964418
1536314601486311424
1536314535371579392
1536314518158331906
1536314467767975936
1536314431671619585
1536314428249067521
1536314374402772992
1536314347139612674
1536314312876343296
1536314278743261184
1536314246769803268
1536314238247084033
1536314235759869954
1536314177840893954
1536314169506799616
1536314051709571073
1536314009900593153
1536314003999408130
1536313948777197573
1536313943051804672
1536313890740621313
1536313868087091200
1536313842615066624
1536313832100052994
1536313828543037441
1536313806082777088
1536313805512540160
1536313789716496384
1536313743595937792
1536313738701467649
1536313703083253762
1536313694631735302
1536313694191329280
1536313677036527616
1536313671881994240
1536313659114196992
1536313645088784385
1536313605859196928
1536313605511335936
1536313571008778243
1536313566097457152
1536313563954180096
1536313548183420933
1536313532135899137
1536313488322314241
1536313482022465536
1536313476809113600
1536313443841613824
1536313438980423681
1536313418936127488
1536313389508599809
1536313353748250624
1536313343321194496
1536313324551274497
1536313302820823040
1536313282436399105
1536313279865409539
1536313274622689281
1536313267861487617
1536313163896893440
1536313121475682304
1536313083047591936
1536313057328173058
1536313001921646592
1536312986306252800
1536312981596049409
1536312940546117632
1536312931457110016
1536312880127127552
1536312852356669441
1536312846308454400
1536312715597254656
1536312712803786752
1536312703022678017
1536312633518866435
1536312606172278784
1536312584118407169
1536312539998326784
1536312531559469056
1536312530330845184
1536312503151472641
1536312498378244096
1536312495820111872
1536312492137521152
1536312489746436097
1536312488278753280
1536312482478039040
1536312468158676993
1536312466505773056
1536312461631991808
1536312460235665408
1536312459211984897
1536312457748430854
1536312447690493952
1536312430674219008
1536312425703608321
1536312378362667008
1536312345210806272
1536312251883433986
1536312092902494208
1536312092109721600
1536311992025337857
1536311973712904192
1536311959909548034
1536311948526100480
1536311935251128321
1536311889206165505
1536311877424259072
1536311854451986432
1536311831572099072
1536311789771984897
1536311782184296448
1536311773267206146
1536311764388020224
1536311728341934081
1536311725707894784
1536311724399243265
1536311711979868160
1536311702794678272
1536311657244524544
1536311639594504192
1536311626009296897
1536311572980965376
1536311543956402177
1536311537752604672
1536311523953496064
1536311523328524288
1536311452088164353
1536311412745814016
1536311399944691714
1536311399432978433
1536311276628070400
1536311258013741056
1536311254251364352
1536311250438742016
1536311158633816064
1536311074961739777
1536311030648672259
1536311025913548801
1536311021970653184
1536311010587553792
1536310959534481409
1536310939334504448
1536310923735879680
1536310894476804096
1536310866458517505
1536310834309251072
1536310823416737792
1536310811731210241
1536310806761115648
1536310799160987653
1536310795616894977
1536310773336936449
1536310763773640705
1536310750402199554
1536310735395233793
1536310724007428098
1536310686405390336
1536310679900233728
1536310673915133952
1536310618600353793
1536310611365208070
1536310592654409728
1536310557799612416
1536310497015914498
1536310496588079106
1536310494675423233
1536310493450842112
1536310459024146432
1536310445333590016
1536310429680533504
1536310428258553856
1536310412269932544
1536310372491096065
1536310362122858496
1536310294816952321
1536310293554466817
1536310259756720132
1536310217658466304
1536310212608548865
1536310196569526273
1536310137538887691
1536310082316644353
1536310032287023104
1536310024422801410
1536310022464225281
1536310021281021954
1536310008543342592
1536309989278568448
1536309985415958528
1536309974736850944
1536309973298204674
1536309968819089409
1536309964360122368
1536309962749939712
1536309956005113856
1536309947780460545
1536309934970662914
1536309934459174913
1536309933662031873
1536309931082543104
1536309924795281408
1536309923562528768
1536309912044707842
1536309834911363074
1536309833145917440
1536309808428621826
1536309760580014080
1536309737830379520
1536309722441302018
1536309698244120577
1536309633299668992
1536309624412020737
1536309592065449984
1536309556019707904
1536309550323601410
1536309510289166336
1536309499509751811
1536309455465328640
1536309455452880902
1536309439749398528
1536309437132115973
1536309413375533056
1536309304986411008
1536309265073324033
1536309260786626560
1536309243015483393
1536309236908818432
1536309110119047168
1536309093429702657
1536309063184797697
1536309051528646656
1536309041173041153
1536309033371635713
1536308940010663936
1536308937930186754
1536308934167904257
1536308932502749185
1536308918871371776
1536308907102334981
1536308901179695105
1536308894019964928
1536308855465922560
1536308832175112192
1536308801288159233
1536308658828632067
1536308650842525697
1536308641837600775
1536308595503005697
1536308587009818624
1536308575932489728
1536308564146413572
1536308549403709441
1536308546190573570
1536308534765309952
1536308513147871232
1536308468453281792
1536308449893502976
1536308401428307969
1536308393551331328
1536308330699833344
1536308287792095233
1536308283643875328
1536308252740227072
1536308240925052929
1536308236617392129
1536308228233080835
1536308181986684928
1536308176450109445
1536308166840958978
1536308106283687936
1536308043746615297
1536308043725606913
1536308043708866561
1536308036515647488
1536307996917112833
1536307942089170947
1536307923126734850
1536307908786331648
1536307901198807040
1536307887450083333
1536307853480415232
1536307779152904192
1536307704016289800
1536307685792141316
1536307638547492871
1536307600643457026
1536307588878548994
1536307545815621632
1536307541130772480
1536307535904489473
1536307535510220801
1536307531785678856
1536307529411866624
1536307527251824640
1536307504010997763
1536307498218442752
1536307491285368834
1536307469479456769
1536307456883970048
1536307451124776960
1536307434775810048
1536307428387864576
1536307425514602496
1536307424109670401
1536307423233069056
1536307422020923392
1536307420741644288
1536307418023358466
1536307413892009986
1536307408422989824
1536307405877039105
1536307236435378176
1536307220769538049
1536307219972911104
1536307121654059008
1536307091228467200
1536307068906397696
1536307044055228416
1536307024488693762
1536307006738505740
1536306957589544961
1536306951600185345
1536306910135078913
1536306909187284992
1536306900240769024
1536306878082260992
1536306827394433026
1536306783043690502
1536306657818337281
1536306640848289799
1536306609877491713
1536306532538785793
1536306506525712390
1536306498116079616
1536306471738040320
1536306465291612160
1536306456848482304
1536306441669287939
1536306381975855106
1536306334739468290
1536306332256436225
1536306312849477632
1536306296210837505
1536306220071460865
1536306149275877377
1536306142946930688
1536306112441782272
1536306098575122432
1536305969335967744
1536305961941360642
1536305930505183234
1536305884560863233
1536305853640450050
1536305710711152640
1536305659867701248
1536305652888481792
1536305595053395969
1536305541412458496
1536305538207727618
1536305491730927616
1536305436429012993
1536305390295523328
1536305345441718273
1536305303947513856
1536305269906591744
1536305242522144770
1536305235437981696
1536305182618923009
1536305149752528896
1536305054436708354
1536305027270295552
1536305025240248322
1536305010878959617
1536304991211728896
1536304988791906304
1536304983779381248
1536304982441353217
1536304981300563969
1536304980038393861
1536304963139543047
1536304960761221120
1536304960014798848
1536304941047762945
1536304929719058432
1536304927341170690
1536304915542179843
1536304914200403968
1536304901521014784
1536304889868996608
1536304880805195776
1536304859149783041
1536304776757002242
1536304750144245760
1536304739863760896
1536304731294814208
1536304697610358784
1536304663393275906
1536304651837984768
1536304626856824832
1536304607571345408
1536304559978688512
1536304547814965249
1536304539309064192
1536304506413240322
1536304465426276352
1536304380873408514
1536304377874497536
1536304362099658753
1536304357846634496
1536304300045094914
1536304238233415680
1536304229186412546
1536304226510393345
1536304203122868224
1536304169639940098
1536304140368113666
1536304085736910848
1536304084638019585
1536304063788290048
1536304038593155072
1536303998642397185
1536303967277391872
1536303961224925185
1536303947811545088
1536303806069235712
1536303746837258241
1536303725593214976
1536303720098504704
1536303710938202112
1536303664268296192
1536303654256492545
1536303631594569728
1536303624665587712
1536303624195715072
1536303583989227520
1536303575520919557
1536303568055320579
1536303514191798272
1536303514145914880
1536303499839143936
1536303439202091008
1536303424165367808
1536303412962177024
1536303408176861185
1536303375695826946
1536303363012558849
1536303340409307137
1536303300114784257
1536303268925779969
1536303258448236544
1536303238252838915
1536303236403060736
1536303211862188032
1536303203540664320
1536303196322291715
1536303178228318209
1536303176940396549
1536303128408113152
1536303124331302912
1536303097181519873
1536303085420969984
1536303083655168001
1536303021944102912
1536303011756011520
1536302996593774592
1536302990868488192
1536302945737875456
1536302925097623552
1536302910216187904
1536302893371883520
1536302891840978946
1536302861918806017
1536302853979004928
1536302839898816515
1536302839743533056
1536302809884540928
1536302727633850368
1536302726593794048
1536302715986448395
1536302685154074624
1536302641327783936
1536302630338580480
1536302627431936000
1536302599955435521
1536302580053196801
1536302579143036932
1536302546343665667
1536302538563235840
1536302520871550976
1536302515960090624
1536302512797810689
1536302486260416512
1536302484465000450
1536302476034379776
1536302474650431497
1536302467100688384
1536302464957554688
1536302460456669184
1536302445059379200
1536302436343697408
1536302404219863043
1536302403116474370
1536302402290487296
1536302400666906624
1536302396363911171
1536302395059490816
1536302393687932929
1536302382258135042
1536302381922545665
1536302376964935680
1536302373529784320
1536302371675987969
1536302370677989377
1536302369205391360
1536302363274711040
1536302323617521666
1536302314130092033
1536302231015698432
1536302129362526211
1536302120198148097
1536302092503371778
1536302080603848705
1536302059494027265
1536302048601571328
1536302020457828355
1536302016913362945
1536301980129320960
1536301885250052096
1536301842803707905
1536301770305060867
1536301559981780992
1536301514544717829
1536301435234697218
1536301414120837120
1536301413424308226
1536301411616837633
1536301386413006849
1536301373062385665
1536301285082910723
1536301246373515264
1536301235086712832
1536301207735525376
1536301171920760832
1536301160050458626
1536301115918233600
1536300984535769089
1536300858077392897
1536300831451910144
1536300795624402944
1536300644520366080
1536300643379724290
1536300618356244485
1536300614954946560
1536300597963460608
1536300538895257600
1536300387187232774
1536300273131565058
1536300248338948098
1536300236565528576
1536300200087547904
1536300173114101761
1536300167594487811
1536300146979491840
1536299951788986370
1536299948048011264
1536299940464320512
1536299925163495425
1536299917794512896
1536299902480826368
1536299896143196160
1536299891202605057
1536299886244556800
1536299883010719749
1536299878426755072
1536299877101019136
1536299865273413633
1536299856146624512
1536299855710240768
1536299793428922368
1536299770083352576
1536299717373710336
1536299707940872193
1536299649446858754
1536299635689590785
1536299621567590400
1536299583961284609
1536299552076025856
1536299474053517312
1536299462183866368
1536299437601001480
1536299373914488834
1536299298844983298
1536299232587841537
1536299206033526785
1536299195803770880
1536299188618674176
1536299176468049920
1536299038601011200
1536299020494118912
1536298995877826560
1536298951397126144
1536298948796854273
1536298912629370881
1536298868283179008
1536298812389695488
1536298768907350019
1536298674132701184
1536298666289397760
1536298666012692480
1536298662292250624
1536298658416689152
1536298555694100480
1536298546731044866
1536298515139543040
1536298473477312512
1536298472588328960
1536298455668117504
1536298455194296323
1536298422407516160
1536298406091579394
1536298383643660288
1536298372583260161
1536298355466575878
1536298343890145282
1536298276533813255
1536298271508922369
1536298263673901056
1536298230736113666
1536298209945198593
1536298131733856256
1536298071101157379
1536298010279575552
1536297974766227457
1536297919799762946
1536297919774699521
1536297906420039682
1536297889563041792
1536297843987734528
1536297825222266880
1536297808231550981
1536297794377502720
1536297754078625799
1536297663850856449
1536297652354097153
1536297620209033221
1536297572968583172
1536297550633910273
1536297522674663430
1536297519155539968
1536297518933413891
1536297509223825410
1536297505700229121
1536297503515152390
1536297476856197120
1536297471487401984
1536297468857565186
1536297441519349760
1536297440424624129
1536297433210441728
1536297422657409025
1536297410854461441
1536297409697169408
1536297401698615296
1536297399852797957
1536297397097209856
1536297390113665024
1536297385151832067
1536297384187404288
1536297382727454720
1536297376411156480
1536297374683123712
1536297372912852993
1536297371331891200
1536297363186524162
1536297360707694593
1536297360044990465
1536297359352639488
1536297355854884864
1536297351824179200
1536297349114318848
1536297347764072454
1536297343678570497
1536297341426204674
1536297340369178624
1536297339258011648
